del_H_vyp_num = 41.3248169720249 kJ/mol

del_H_vyp_anal = 41.3248172714188 kJ/mol

del_H_vyp_tab = 41 ± 4 kJ/mol (průměr více exp. hodnot; NIST 2018)
