gamma = exp(-0.00296732755098578*zA*zK)
gamma = exp(-0.00296732755125594*zA*zK)
gamma = exp(-0.00296732755125636*zA*zK)
gamma = exp(-0.00296732755125636*zA*zK)
x1 = 6.32200550633044e-6 mol/l
x2 = 3.95048915100706e-13 mol/l
x3 = 3.10775588446771e-21 mol/l
x4 = 8.68625974411071e-8 mol/l
m1 = 0.0699936779944937 mol/l
m2 = 6.32200511128152e-6 mol/l
m3 = 3.95048911992950e-13 mol/l
m4 = 3.10775588446771e-21 mol/l
m5 = 6.40886849882046e-6 mol/l
m6 = 8.68625974411071e-8 mol/l
m7 = 55.3396979593186 mol/l
