x1 = 1.81161933933361e-8 mol/l
x2 = 3.24366480544169e-18 mol/l
x3 = 7.31147482786653e-29 mol/l
x4 = 0.00248877865726592 mol/l
m1 = 0.0699999818838066 mol/l
m2 = 1.81161933900924e-8 mol/l
m3 = 3.24366480536858e-18 mol/l
m4 = 7.31147482786653e-29 mol/l
m5 = 0.00248879677345931 mol/l
m6 = 0.00248877865726592 mol/l
m7 = 55.3372092675239 mol/l
