delGr = 284391.809500000 J/mol
K = 1.45888775369330e-25
zeta = 1.45888775369330e-25
