b = 4.12691622103386 mol^-1
am = 0.0763513591338402 mol/g
