ro_rk_a = 0.975029004894059 g/cm^3

ro_r_a = 0.100979666038591 g/cm^3
