alpha = 2.49716389566435
k = 0.261694442807198 s^-1
