delS = 56.4552094823134 J/(mol*K)
delU = 5430.11829151878 J/mol
delH = 7109.54629151878 J/mol
delG = -66180.2184496380 J/mol
delF = -67859.6464496380 J/mol
