del_H_vyp_num = 0.608303710078070kJ/mol

del_H_vyp_anal = 0.608303714485167kJ/mol

del_H_vyp_tab = 48.1 kJ/mol
