c = 0.526961819160000 mg/l
c = 0.509267106905451 mg/l (Hamme a Emerson, 2004)
