delS = -18.9622390506164 J/(mol*K)

delU = 5862.27621249612 J

delH = 7541.70421249612 J

delG = -28039.3362621957 J

delF = -29718.7642621957 J
