b = 15.8759071327377 mol^-1
am = 0.0571441146117890 mol/g
